0 0
1 0
2 0
3 0
4 0
5 0
6 0
7 0
8 0
9 0
10 0
11 0
12 0
13 0
14 0
15 0
16 0
17 0
18 0
19 0
20 0
21 0
22 0
23 0
24 0
25 0
26 0
27 0
28 0
29 0
30 0
31 0
32 0
33 0
34 0
0 1
34 1
0 2
34 2
0 3
34 3
0 4
34 4
0 5
34 5
0 6
34 6
0 7
34 7
0 8
34 8
0 9
34 9
0 10
34 10
0 11
34 11
0 12
34 12
0 17
34 17
0 18
34 18
0 19
34 19
0 20
34 20
0 21
34 21
0 22
34 22
0 23
34 23
0 24
34 24
0 25
34 25
0 26
34 26
0 27
34 27
0 28
34 28
0 29
1 29
2 29
3 29
4 29
5 29
6 29
7 29
8 29
9 29
10 29
11 29
12 29
13 29
14 29
15 29
16 29
17 29
18 29
19 29
20 29
21 29
22 29
23 29
24 29
25 29
26 29
27 29
28 29
29 29
30 29
31 29
32 29
33 29
34 29
